21994255709
21971206022
21991330238
21993977712
21998347092
21976913163
21965295871
21995088074
21970693767
21974801735
21990572607
21990793201
21977334424
21987147664
21977175583
21964642658
21994109155
21975728060
21975102524
21986680221
21983929396
21977429394
21975806970
21964991865
21992495717
21988157436
21964195319
21964657243
21964944930
21966496837
21966928081
21968408484
21974323697
21976004844
21976797913
21981898099
21982838502
21983925724
21990423495
21991446163
21991446424
21992363835
21993082068
21993286012
21994062392
21995991925
21972772723
21977330583
21968047557
21983080186
21990472314
21968140059
21966602428
21991144998
21964787757
21979563623
21990383457
21986041981
21992248147
21964657242
21964414945
21973833356
21968686934
21979822242